2.965
2.073
1.953
1.882
1.924
1.909
1.900
2.047
2.016
1.873
1.885
1.952
2.021
2.159
1.954
1.983
2.006
1.984
2.180
2.179
2.029
1.907
1.910
2.011
2.108
2.004
2.031
1.923
2.130
1.939
2.053
2.034
1.961
1.956
1.916
1.982
1.895
1.910
1.932
1.921
1.898
2.021
1.941
2.152
2.242
1.895
2.026
1.919
1.970
1.999
2.018
2.062
1.900
2.176
3.212
3.462
3.022
3.003
3.210
2.990
3.048
2.963
3.287
3.266
3.031
3.072
3.182
3.024
3.216
3.190
3.076
3.092
2.971
2.974
3.007
2.973
3.057
3.145
3.177
2.917
3.289
3.027
3.016
2.982
3.069
2.880
2.847
3.192
2.870
3.292
3.116
3.223
3.157
3.032
3.219
2.901
2.831
3.316
3.175
3.061
3.463
3.645
3.373
3.639
3.399
3.613
3.490
3.343
3.507
3.498
3.654
3.406
3.405
3.477
3.550
3.477
3.456
3.666
3.536
3.454
3.671
3.469
3.368
3.410
3.298
3.992
3.458
3.581
3.471
3.452
3.514
3.610
3.941
3.635
3.687
3.642
3.514
3.642
3.424
3.625
3.404
3.445
3.465
3.485
3.674
3.915
3.478
3.358
3.266
3.397
3.569
3.553
3.462
3.373
3.557
3.843
3.389
3.646
3.527
3.542
3.786
3.601
3.819
3.653
3.673
3.603
3.703
3.332
3.654
3.478
3.464
3.555
3.534
3.767
3.632
3.697
3.628
3.388
3.660
3.538
3.339
3.341
3.413
3.470
3.533
3.628
3.642
3.662
3.491
3.457
3.716
4.029
3.367
3.617
3.387
3.815
3.385
3.738
3.357
3.575
4.644
4.749
4.182
4.617
4.422
4.489
4.398
4.773
4.699
4.273
4.776
4.270
4.409
4.239
4.473
4.587
4.631
4.688
4.306
4.569
4.367
4.587
4.688
4.373
4.510
4.049
4.192
4.342
4.421
4.984
5.081
4.722
4.705
4.556
4.290
3.282
3.566
3.339
3.316
3.639
3.422
3.238
3.226
3.420
3.280
3.374
3.256
3.260
3.300
3.321
3.311
3.326
3.520
3.273
3.437
3.452
3.290
3.509
3.564
3.620
3.329
3.496
3.719
3.794
3.397
3.233
3.491
3.401
3.215
3.478
3.288
3.244
3.583
3.253
3.272
3.356
3.485
3.371
3.361
3.210
3.937
3.192
3.354
3.236
3.420
3.293
3.344
3.292
3.203
3.327
3.304
3.254
3.257
3.427
3.494
3.997
4.109
3.956
4.321
4.126
4.817
4.483
4.529
4.356
4.503
4.308
4.506
4.523
4.207
4.252
4.813
4.610
4.275
4.087
4.443
4.402
4.337
4.306
4.209
4.720
5.104
4.278
4.510
4.536
4.423
4.571
5.252
4.203
4.519
4.251
4.487
4.234
4.538
4.347
4.449
4.555
4.352
4.343
4.445
4.154
4.430
4.461
4.464
4.226
4.610
4.365
4.305
4.363
4.506
4.336
4.164
4.462
4.276
4.348
4.546
4.630
4.236
5.357
5.214
5.311
4.640
4.702
5.232
5.244
4.921
5.010
5.110
5.264
5.316
5.028
4.972
5.134
4.817
4.765
5.333
5.014
4.762
4.570
5.225
5.500
5.614
4.691
5.047
5.056
5.097
5.247
4.830
4.768
5.469
5.194
5.023
5.117
4.756
5.098
4.657
5.042
4.739
4.968
4.818
5.009
4.860
5.031
4.577
4.914
4.705
4.971
4.847
4.947
4.868
4.969
5.067
4.731
4.439
4.509
4.572
4.465
4.417
4.855
4.596
4.301
4.366
4.431
4.539
4.614
4.390
4.412
5.108
4.501
4.388
4.790
4.416
4.482
4.514
4.549
4.453
4.396
4.681
4.578
4.414
4.771
4.601
4.376
4.543
4.415
4.552
4.507
4.526
4.443
4.583
4.578
4.766
4.701
4.693
5.018
5.201
4.645
4.571
4.832
4.511
4.751
4.616
4.332
4.504
4.499
5.057
4.479
4.459
4.674
4.285
4.802
4.872
5.200
5.009
5.221
4.948
4.820
5.018
4.978
5.076
5.071
4.562
5.279
7.236
4.625
4.912
5.074
4.916
5.087
5.130
4.776
5.046
4.740
5.003
5.253
5.011
5.308
5.253
5.252
5.156
5.123
5.713
5.873
6.261
6.497
5.562
5.655
6.228
5.769
5.681
5.571
6.031
5.963
6.122
6.455
5.913
6.291
6.260
6.126
5.689
5.791
5.615
5.806
6.109
6.051
5.653
5.792
6.103
5.773
5.706
5.962
6.504
6.107
5.730
6.548
6.379
5.961
6.086
5.852
5.598
5.936
5.964
6.501
5.378
5.774
5.746
5.618
5.576
5.436
6.160
5.614
6.014
5.895
5.949
5.595
5.636
5.676
5.338
5.436
5.940
5.574
5.567
5.491
5.500
5.561
5.454
5.803
5.522
5.396
5.582
5.355
5.692
5.439
5.374
5.709
5.383
5.732
5.803
5.246
5.478
5.584
5.717
5.796
5.490
5.801
5.527
5.443
5.450
5.993
5.668
5.910
5.561
5.912
5.611
5.963
5.366
5.402
6.195
5.620
5.818
6.084
6.641
6.200
6.983
7.933
6.910
6.620
6.755
6.815
6.200
7.378
6.435
6.354
7.750
6.324
6.962
6.534
6.850
7.119
6.505
7.085
6.747
6.540
6.733
7.127
6.887
6.753
7.235
6.806
6.889
7.201
6.663
6.660
7.069
7.100
6.316
7.804
6.671
6.706
6.795
6.806
6.790
6.636
6.630
7.122
6.915
6.439
6.821
6.548
7.035
6.829
6.403
7.226
7.310
7.517
7.220
6.259
6.714
6.563
6.421
6.967
7.163
6.518
7.126
6.755
6.411
7.809
6.581
6.422
6.888
6.612
7.317
6.887
6.978
6.677
7.264
6.547
6.219
7.050
6.524
6.682
6.589
7.327
6.623
6.744
6.356
6.471
6.946
6.980
6.822
7.115
7.139
6.685
6.230
6.851
6.812
7.155
7.186
6.666
6.786
6.883
6.924
7.263
7.447
7.012
7.123
7.343
7.311
6.809
7.187
7.097
6.479
7.141
7.026
6.594
6.606
7.178
7.510
6.836
6.812
7.086
6.789
7.137
7.061
6.699
6.885
6.962
7.146
7.466
6.652
6.856
6.821
6.913
6.771
7.049
6.531
6.476
7.079
6.613
6.276
6.916
6.923
7.054
6.745
7.568
6.975
7.230
6.993
6.515
7.559
7.397
6.837
7.076
7.224
6.505
6.831
6.840
6.820
6.606
6.874
6.986
7.405
7.235
7.590
6.809
6.818
7.041
6.826
6.966
7.860
6.662
7.249
6.955
6.959
6.928
7.095
6.583
7.011
6.569
6.855
7.313
6.739
6.532
6.605
6.919
6.869
7.201
7.170
6.628
6.811
7.104
6.849
7.111
6.778
6.694
6.426
7.617
7.067
7.201
7.052
7.186
7.209
7.915
7.565
6.950
7.224
7.593
7.232
8.426
7.660
8.046
8.060
7.634
7.762
7.807
8.001
6.920
7.752
6.932
7.754
7.476
7.198
7.473
7.734
7.762
7.407
7.386
7.137
7.338
7.345
6.994
7.410
8.211
7.775
7.577
7.633
7.599
7.311
7.437
7.022
7.208
7.002
6.828
6.967
6.553
6.531
6.805
6.970
6.821
6.813
7.019
7.038
6.865
6.431
6.732
7.074
7.072
6.820
7.118
7.279
6.691
6.642
7.405
7.150
6.421
6.891
6.646
7.050
7.488
6.723
6.961
6.808
6.747
6.878
7.527
6.915
7.717
7.202
7.123
6.936
7.058
6.546
6.910
6.868
7.194
6.650
6.907
6.955
7.335
7.332
7.591
7.533
7.892
7.865
8.032
7.593
7.491
7.561
8.077
7.632
7.018
8.509
9.462
7.865
8.702
7.784
8.421
8.472
9.420
8.051
8.176
8.618
8.787
8.831
8.433
9.481
8.703
8.704
7.732
8.273
8.114
7.805
8.285
8.214
8.105
9.090
8.080
8.213
8.052
8.052
7.677
8.683
8.503
8.196
9.221
7.832
7.918
8.534
8.996
8.575
7.981
7.925
8.581
8.602
8.685
8.132
8.515
7.734
8.473
8.725
7.793
7.970
9.101
7.908
8.733
8.155
8.126
8.453
8.339
8.140
8.245
7.659
9.262
8.233
8.130
7.879
8.408
7.799
7.993
7.779
7.947
8.028
8.715
8.026
7.918
8.511
8.950
8.119
8.363
8.869
8.391
8.035
7.789
7.881
7.966
8.164
8.417
9.008
7.804
7.953
8.964
9.028
8.018
8.776
8.051
8.808
7.887
8.302
8.514
8.082
8.410
8.799
8.334
9.198
8.139
8.358
8.499
8.455
7.785
8.069
8.255
8.368
8.378
8.373
8.431
8.067
7.760
8.346
8.637
8.745
8.230
7.760
8.126
8.272
8.384
8.359
8.500
8.714
7.763
8.065
7.968
8.557
8.630
7.813
8.222
8.746
8.264
8.234
8.409
7.738
8.182
8.458
8.691
8.263
8.500
8.000
8.318
8.643
8.805
8.209
8.038
7.883
8.078
7.854
8.380
8.532
8.041
8.322
8.394
8.313
8.597
8.158
8.669
8.184
8.689
8.519
7.767
8.660
8.715
8.813
7.916
8.401
8.119
8.016
7.820
8.346
8.080
8.818
8.748
7.965
7.726
7.793
8.615
8.301
9.401
8.359
8.322
7.955
8.237
8.745
8.651
8.305
9.135
7.653
8.119
8.135
7.904
8.332
8.116
8.181
7.992
8.798
9.539
9.507
9.975
8.858
10.485
9.059
8.742
9.128
8.957
8.806
8.825
9.788
9.387
8.895
9.960
9.548
9.106
9.547
9.320
8.686
8.854
9.141
8.807
9.559
9.444
9.419
9.945
9.232
9.060
9.193
9.245
9.507
9.841
8.966
8.694
9.116
9.732
9.160
10.193
9.334
9.100
8.344
9.001
9.400
9.287
8.333
9.595
9.241
9.211
8.417
8.479
9.185
9.667
9.366
10.296
8.776
9.269
8.910
9.202
9.867
9.063
8.663
9.090
8.473
9.271
8.376
8.755
9.483
9.295
9.748
8.615
9.232
8.458
9.280
9.545
9.335
9.322
8.650
9.562
8.997
8.726
9.391
8.707
9.351
9.882
9.471
9.719
9.241
9.785
8.609
9.585
9.096
9.531
8.884
9.195
8.956
8.465
8.641
8.948
9.003
9.748
9.017
8.865
9.619
8.880
9.675
9.730
9.747
8.946
10.228
9.397
10.015
8.961
10.987
10.227
9.344
9.151
9.460
9.195
9.110
9.323
10.117
9.059
10.693
8.678
9.240
8.703
9.372
9.783
9.114
9.379
9.594
10.494
10.163
9.421
9.599
9.148
9.369
9.364
9.674
9.342
10.240
9.535
9.056
10.454
10.297
10.179
10.480
10.286
9.197
9.417
10.506
9.858
9.389
10.976
9.737
9.518
9.421
9.874
9.380
9.692
9.653
9.082
8.882
9.207
9.783
9.304
10.553
10.146
10.202
9.710
9.203
10.015
9.341
9.564
9.642
9.976
10.097
9.295
9.718
9.473
9.704
9.696
9.538
9.527
9.927
9.568
10.232
9.764
9.606
10.511
10.373
9.604
9.871
9.804
9.784
10.003
9.398
10.085
10.985
11.855
10.613
10.317
10.832
11.362
10.133
10.562
10.084
11.301
11.291
12.228
11.163
10.371
10.615
11.317
10.198
10.976
10.696
11.490
10.754
10.916
10.526
10.532
10.709
11.098
10.721
12.453
10.984
11.250
11.475
11.218
10.825
10.724
11.370
10.559
10.961
11.598
11.453
11.850
12.264
11.439
11.085
10.826
10.368
10.748
11.531
10.704
11.648
10.812
11.248
11.082
11.071
11.097
12.173
11.748
10.591
10.829
10.813
10.172
10.969
10.697
10.841
11.423
10.577
11.036
11.317
12.185
11.352
11.075
11.006
10.651
11.211
10.836
10.988
10.884
11.610
11.048
11.266
11.300
10.796
10.712
10.769
10.166
10.917
11.477
11.726
11.551
11.252
11.238
10.872
11.601
12.538
10.988
11.568
10.892
11.626
10.724
10.749
10.634
11.398
11.703
11.405
11.903
11.130
11.958
12.241
12.270
12.285
10.965
10.846
11.540
12.233
11.539
12.154
13.034
11.322
11.909
12.088
12.326
11.536
11.894
11.863
11.845
12.217
11.847
11.316
10.845
11.066
12.043
11.402
12.715
11.391
11.422
11.747
10.887
11.026
10.951
10.681
10.925
11.347
11.005
10.023
11.169
10.868
11.186
10.786
11.628
11.137
10.227
10.507
11.578
11.253
11.490
10.804
11.013
10.850
10.288
11.571
10.982
10.410
11.365
10.691
10.646
10.542
10.618
11.153
10.417
11.540
11.114
10.689
10.413
10.742
11.151
10.339
11.010
11.146
10.630
11.483
11.119
12.527
11.160
11.188
11.025
11.483
11.141
11.252
11.491
11.425
10.757
10.752
12.072
11.599
11.545
11.593
11.320
11.120
11.351
10.688
12.028
12.055
12.686
12.189
11.703
12.095
12.461
12.870
12.270
12.970
12.964
12.501
11.455
12.256
12.104
12.357
12.269
11.580
13.173
11.803
12.817
11.784
12.250
13.182
12.483
12.444
12.562
12.266
11.775
11.733
11.696
13.196
12.628
12.628
12.158
11.607
12.462
12.118
12.931
12.148
12.786
12.196
12.490
11.352
12.151
13.362
12.057
12.963
11.651
12.363
12.576
11.911
12.032
13.131
12.193
11.697
13.041
12.078
12.417
12.003
13.043
13.240
12.545
12.060
11.621
12.106
12.688
12.625
12.038
12.644
12.839
12.555
13.768
12.587
12.862
12.153
12.585
13.038
12.494
13.000
12.313
13.129
12.630
13.113
13.468
12.016
12.289
13.365
11.753
12.469
12.326
13.048
12.761
13.009
11.421
12.415
11.957
13.587
12.031
13.459
12.760
12.458
12.941
12.958
12.885
13.330
12.528
11.779
12.745
11.876
12.695
12.616
11.756
12.636
11.986
11.897
11.941
12.541
11.754
13.426
12.384
12.318
12.503
11.976
12.127
12.868
12.479
12.601
13.379
12.533
12.825
12.999
12.170
14.316
13.719
12.349
12.907
12.560
12.391
12.716
12.390
13.077
11.599
13.167
12.273
12.577
12.615
12.980
11.782
12.526
12.567
12.015
12.662
13.789
12.107
12.570
12.377
12.869
12.215
13.135
13.302
12.376
12.349
12.343
12.401
13.229
12.553
13.292
12.401
13.359
12.356
14.059
13.385
11.657
12.683
12.038
12.024
12.739
12.320
12.455
12.000
11.941
11.997
12.702
12.449
12.613
11.760
13.563
11.568
11.946
13.320
11.958
12.412
11.614
13.016
12.806
13.346
12.728
12.732
12.132
12.923
13.454
13.514
13.808
13.056
13.251
12.498
13.704
12.547
12.977
13.935
13.332
12.914
15.082
12.951
12.500
13.666
12.762
13.715
12.363
12.504
13.169
12.863
12.730
13.128
12.408
13.493
12.523
13.902
12.821
12.851
12.269
12.178
12.246
13.127
12.769
12.017
12.358
12.358
12.134
13.281
13.725
12.479
12.178
13.491
13.267
12.679
12.416
12.082
12.625
13.172
14.375
12.983
12.891
13.416
13.390
12.418
13.106
12.945
12.916
12.992
13.207
13.119
12.373
12.170
12.479
12.474
13.684
12.899
12.343
12.930
12.877
12.859
12.610
12.459
12.686
13.267
13.042
13.417
12.224
12.389
12.254
11.832
12.336
12.626
12.620
13.059
13.011
11.797
12.591
12.403
12.066
13.066
12.720
12.421
11.995
12.464
12.180
11.968
12.755
12.561
13.011
12.359
13.296
13.239
13.026
12.213
12.999
12.405
12.703
12.398
12.146
13.287
12.805
12.624
12.593
12.667
13.366
12.927
13.033
12.787
13.415
13.335
13.816
13.111
12.688
13.126
12.285
12.332
13.967
13.777
13.178
13.436
13.976
12.539
12.827
12.560
12.389
12.970
12.692
13.280
12.745
14.640
13.041
13.242
12.955
12.387
13.037
13.454
11.997
12.617
12.946
12.119
12.258
11.900
12.863
13.093
13.110
13.017
13.369
12.173
12.925
12.234
12.668
13.347
11.963
12.725
13.459
13.051
12.421
12.644
14.793
13.356
13.917
12.675
13.208
12.915
12.547
12.615
13.448
13.319
12.410
13.396
12.960
13.577
13.669
12.891
12.751
13.310
13.553
13.315
12.838
13.479
13.231
13.424
13.959
12.549
12.178
13.581
14.840
13.164
14.771
14.567
14.061
13.597
14.751
14.022
13.819
14.201
14.214
14.560
15.139
14.188
13.767
14.973
14.363
13.913
14.110
14.360
14.851
14.074
13.665
14.725
13.487
13.782
15.318
14.482
14.296
15.045
14.282
14.608
13.286
15.554
14.555
13.384
14.901
14.345
14.555
14.334
14.156
13.595
14.788
14.972
15.323
15.381
15.944
14.096
14.840
14.392
13.939
13.549
14.920
14.061
13.753
13.940
13.908
14.683
14.917
14.693
13.955
13.795
14.890
13.689
14.032
13.703
14.000
14.264
14.348
15.055
13.658
13.527
15.375
14.276
14.587
14.689
15.229
13.814
14.649
14.732
13.984
14.571
13.863
15.094
15.307
14.199
14.103
14.708
14.361
14.774
14.766
14.457
15.325
15.156
13.816
14.513
14.720
14.689
13.846
14.524
14.547
15.066
14.351
14.863
15.084
14.781
15.601
15.095
14.423
14.917
15.620
14.361
15.207
14.681
15.016
14.849
14.079
15.542
14.319
15.299
15.050
14.853
15.450
14.702
14.774
14.120
14.625
16.072
14.607
16.594
14.567
15.173
14.815
15.422
14.554
15.992
15.917
14.650
15.178
14.194
17.063
15.142
15.200
14.574
15.042
14.286
14.653
15.620
14.924
14.760
14.376
15.008
15.945
14.363
15.219
14.949
15.562
14.637
14.426
15.125
15.067
14.409
14.878
15.500
16.297
14.502
14.973
15.353
14.687
15.393
14.965
16.196
15.537
15.151
14.255
14.471
13.912
14.470
14.920
14.247
14.662
15.152
14.146
14.922
15.599
14.923
14.668
15.101
14.317
15.619
14.603
14.506
14.736
14.123
15.588
15.812
16.961
14.138
15.226
14.727
14.267
14.715
14.807
15.011
15.196
14.428
16.521
14.216
15.348
14.911
15.473
15.125
16.307
15.704
15.012
14.749
14.176
15.327
14.698
15.750
15.249
14.510
16.360
14.285
14.439
15.360
15.188
15.044
15.914
14.722
14.933
14.644
14.187
15.334
14.789
14.460
15.273
15.183
15.184
16.497
15.040
14.397
14.655
14.702
14.719
15.046
15.036
14.925
14.392
14.178
15.152
14.326
14.667
14.540
14.302
15.175
14.742
15.708
16.269
14.756
14.144
14.379
14.196
14.701
15.538
15.045
14.761
15.865
14.456
15.231
14.801
15.337
14.869
15.563
14.800
14.866
15.047
15.424
14.480
14.762
14.875
14.431
14.418
15.168
14.355
14.200
14.625
14.649
15.064
14.188
15.248
14.739
14.784
15.463
14.286
14.232
14.629
14.112
14.400
15.248
15.508
14.581
15.350
15.573
15.801
15.889
16.620
16.322
15.984
14.957
15.273
15.969
15.054
14.737
15.495
15.359
14.918
15.384
16.079
14.695
17.567
15.229
16.545
14.908
17.414
15.027
15.284
16.407
15.014
17.695
15.803
15.884
16.672
16.320
16.571
15.779
15.767
15.380
15.243
15.861
15.878
15.685
14.917
15.707
15.333
16.083
15.231
16.912
15.596
17.226
15.716
15.442
15.869
16.048
16.282
15.551
16.803
15.651
14.995
15.019
16.301
15.961
14.872
15.698
15.524
15.463
15.884
15.111
15.996
16.289
16.569
15.218
16.054
18.065
16.654
15.255
15.766
16.136
15.522
16.700
15.421
15.634
15.214
15.532
15.771
15.580
15.105
16.194
14.983
15.181
16.373
15.582
17.085
14.806
16.639
15.007
15.558
15.477
16.005
15.658
15.763
15.925
16.108
16.423
16.717
16.269
15.673
16.542
15.755
16.827
15.654
16.465
16.265
15.762
15.907
18.025
15.411
16.433
16.359
16.477
15.528
16.658
17.185
17.406
16.967
16.103
16.049
16.203
17.034
15.880
17.050
15.874
16.188
16.153
15.774
16.564
16.065
16.499
16.385
16.473
17.105
15.637
15.966
16.672
16.001
15.780
16.558
17.403
16.640
16.211
16.493
15.964
15.775
16.959
16.804
16.103
15.957
15.694
16.085
16.687
17.400
18.533
16.319
15.449
16.159
16.319
16.608
16.262
16.657
16.860
16.748
17.386
15.873
16.233
15.812
15.797
17.080
16.052
17.139
16.107
16.471
17.100
16.703
16.284
17.115
16.689
16.446
16.712
15.559
17.091
17.328
16.097
15.716
16.819
16.090
16.247
16.201
16.395
16.611
16.664
16.119
17.469
17.133
16.369
17.453
17.774
17.227
17.466
16.075
17.035
17.902
17.064
17.740
16.094
16.196
18.416
17.395
17.459
18.215
17.163
17.273
18.651
17.149
17.578
17.617
17.761
16.363
17.539
19.540
18.101
16.706
17.523
16.653
18.432
17.080
17.110
17.960
17.828
18.049
17.714
16.289
16.518
17.645
17.687
17.157
16.853
16.911
17.822
17.687
17.414
16.129
17.132
18.068
19.054
17.328
17.433
17.808
18.047
17.859
17.079
16.938
16.333
17.998
17.488
17.502
16.170
17.201
17.664
16.791
17.479
17.870
16.714
16.269
16.633
16.451
17.877
16.918
17.523
17.126
17.817
17.342
18.110
16.770
17.091
16.835
17.156
17.175
17.056
18.020
16.571
17.210
16.406
18.847
17.376
17.040
17.162
17.204
16.851
17.204
16.729
17.517
16.704
17.870
17.982
17.934
18.075
18.240
16.625
18.541
17.442
18.267
18.074
18.187
17.281
16.698
16.746
17.600
16.928
16.810
17.006
16.959
18.163
17.509
18.434
17.452
17.329
17.849
18.739
17.076
16.876
17.645
18.047
16.862
17.719
17.747
17.903
17.462
17.366
16.611
16.694
17.034
16.758
16.668
17.075
17.127
16.911
17.187
17.070
17.290
18.088
17.141
18.362
17.203
17.943
17.234
18.410
18.193
17.269
17.615
16.382
17.514
16.895
17.893
17.052
17.532
16.282
17.271
18.097
17.765
18.177
17.522
17.875
17.620
17.267
16.719
18.061
17.450
17.397
18.160
16.881
17.031
18.030
17.108
16.923
17.889
17.342
18.047
17.306
16.771
18.036
17.012
17.340
17.960
18.884
16.917
18.320
17.602
16.706
16.730
19.043
16.737
18.038
17.888
19.298
17.617
17.109
18.094
18.721
17.929
17.011
18.622
19.043
18.373
17.372
17.834
17.708
18.411
18.724
17.751
18.282
19.037
19.712
17.318
18.414
18.659
17.361
18.348
18.785
17.740
17.942
17.090
17.717
18.279
18.940
18.447
18.000
17.475
17.816
19.148
18.908
18.468
18.583
17.630
18.056
17.694
17.457
18.773
17.864
16.881
18.451
17.452
18.733
18.094
18.549
17.684
18.341
18.511
17.858
19.549
19.326
18.801
17.594
19.540
18.177
17.200
17.251
18.378
18.231
19.288
18.997
17.627
18.953
18.791
17.692
18.642
17.388
19.532
18.795
19.046
17.827
19.075
18.613
18.868
18.886
18.675
19.005
18.810
18.334
18.345
18.203
19.181
18.724
17.842
18.629
18.919
18.842
17.892
18.826
18.499
18.373
18.110
18.501
19.047
19.418
19.376
18.653
17.358
19.726
19.256
18.987
18.284
17.601
18.834
18.558
18.517
18.889
18.966
17.589
18.882
18.168
19.306
19.356
18.363
18.728
18.938
17.810
18.989
18.524
19.887
18.952
18.682
18.894
20.367
18.205
17.821
17.688
18.959
18.524
19.587
18.372
17.980
19.181
18.302
18.596
18.312
19.234
17.790
18.530
18.912
18.246
19.301
17.933
18.434
18.588
18.677
19.247
18.646
19.096
18.976
19.400
17.764
19.033
17.879
18.973
17.987
17.516
19.690
17.876
18.875
18.524
18.930
18.170
17.881
19.152
18.792
18.123
20.072
18.958
18.734
18.623
18.170
19.388
19.036
18.911
18.371
18.805
18.323
18.770
18.442
19.476
18.719
18.474
18.235
19.236
17.784
18.564
18.702
19.876
19.086
19.651
17.865
18.170
18.832
19.888
19.926
18.763
19.369
18.854
18.847
19.564
18.385
18.690
19.696
19.448
18.361
18.017
19.001
20.125
19.230
19.349
19.021
19.609
19.565
18.786
18.629
20.291
19.619
18.528
17.850
20.463
19.384
18.526
19.256
19.302
19.322
17.831
18.286
19.508
18.498
18.241
19.754
18.481
20.086
18.977
19.193
18.361
18.194
18.437
19.609
19.204
19.640
19.591
20.620
19.859
19.561
19.898
20.883
19.451
19.626
19.816
18.386
19.477
19.959
19.753
20.371
19.331
19.332
19.830
20.669
18.841
18.731
18.605
19.352
18.620
19.716
20.312
20.030
21.146
18.864
20.401
18.869
19.264
20.139
19.424
19.057
18.792
20.088
20.099
20.157
20.538
18.939
20.034
20.510
20.725
21.008
19.109
19.253
19.858
19.062
19.609
18.584
19.303
18.821
19.991
20.790
20.484
20.101
20.226
19.125
19.868
19.937
20.570
18.919
18.982
20.486
20.849
20.268
19.641
20.596
19.563
18.844
20.360
19.379
19.747
19.799
20.515
20.506
19.737
19.797
18.886
20.162
19.403
19.774
20.345
22.315
21.884
20.212
19.461
19.954
18.879
21.109
19.419
20.290
20.043
19.085
18.969
19.320
19.644
19.801
19.719
19.351
19.726
18.789
19.173
20.887
20.583
19.199
19.479
18.829
20.778
19.813
21.595
20.160
20.327
19.677
20.179
19.228
20.875
19.819
19.574
19.380
20.882
20.241
19.694
20.071
19.815
20.672
19.020
19.435
19.863
19.718
19.250
19.411
20.025
19.575
19.689
20.480
19.207
21.385
18.843
20.719
19.564
19.555
18.787
19.377
19.255
20.421
19.447
19.760
19.893
20.595
19.164
