4.276
1.767
1.702
1.550
1.531
1.653
2.484
1.797
1.772
1.530
1.894
1.690
1.731
1.866
1.560
1.848
1.852
1.524
1.817
1.831
1.812
1.786
1.811
1.423
1.389
1.653
1.518
1.356
1.725
1.907
1.738
1.511
1.301
1.753
1.401
1.663
1.548
1.453
2.319
1.717
1.410
1.586
1.626
1.579
1.365
1.577
1.510
1.705
1.688
1.419
1.843
1.589
1.465
1.309
1.737
1.589
1.508
1.936
1.656
1.703
1.825
1.798
1.845
1.412
1.777
1.797
1.788
2.428
2.058
1.835
1.653
1.594
1.739
1.536
1.842
1.416
1.801
1.798
1.788
1.759
1.592
1.383
1.539
1.736
1.697
1.443
1.782
1.780
1.636
1.618
1.494
1.313
1.666
1.575
1.414
1.541
1.332
2.530
1.661
1.802
5.100
5.028
3.828
4.845
4.977
4.313
8.314
3.774
3.834
3.991
3.978
3.746
3.877
4.054
3.975
1.404
1.384
2.050
1.821
1.566
1.482
1.539
1.418
1.363
1.351
1.325
1.326
1.283
1.692
1.564
1.679
1.365
1.586
1.780
1.781
1.559
2.434
1.838
1.699
1.529
1.563
1.541
1.423
1.814
1.914
1.646
1.737
1.778
2.263
1.375
1.850
1.767
1.759
1.651
1.767
1.740
1.765
1.858
1.882
1.667
1.733
2.036
1.887
2.382
1.900
1.864
1.784
1.767
1.739
1.725
1.839
1.819
1.819
1.812
1.721
4.212
3.923
3.900
3.839
3.814
4.065
3.894
4.888
3.859
3.984
3.684
4.018
4.866
4.358
3.979
4.855
4.821
4.197
3.762
4.134
4.068
4.029
3.961
4.039
3.942
1.729
1.518
1.444
1.404
1.329
2.407
1.416
1.519
1.736
1.794
1.794
1.535
2.545
1.455
1.480
1.875
1.812
1.811
1.740
1.507
2.493
1.837
2.049
1.642
1.457
1.842
1.781
1.691
1.670
1.557
1.862
1.995
1.765
1.644
1.677
1.888
2.500
1.829
2.442
1.745
1.676
1.793
1.799
1.795
1.702
1.624
1.723
1.835
1.805
2.524
2.233
1.389
1.872
1.765
1.875
1.489
1.451
1.773
1.818
1.473
1.425
1.387
1.682
1.634
1.677
1.396
1.705
1.573
1.382
1.721
1.845
1.780
1.813
1.732
1.797
1.760
1.396
1.872
1.834
1.773
2.793
1.661
1.549
1.811
1.596
1.690
1.670
1.697
1.780
1.808
1.427
1.562
1.588
1.570
1.844
3.931
3.071
3.747
2.653
2.784
1.470
1.360
1.563
1.463
1.375
2.237
1.710
1.720
1.572
1.378
2.327
1.855
1.669
1.597
1.434
1.584
1.885
1.333
1.620
1.485
1.633
1.577
1.681
1.779
1.862
1.771
2.027
1.909
1.845
1.854
1.803
1.774
1.879
1.981
2.424
1.822
1.945
1.709
1.629
1.572
1.631
1.687
1.817
1.808
1.721
1.795
1.782
1.793
1.896
1.810
1.817
1.714
1.869
1.807
1.842
1.827
1.761
3.163
2.756
2.810
3.014
2.977
3.167
3.025
3.024
2.944
2.992
2.764
2.707
2.733
3.644
2.665
2.907
3.103
3.011
2.501
2.693
2.816
2.862
2.961
3.618
2.635
2.794
4.126
2.861
2.753
2.799
2.860
2.536
2.803
2.884
3.075
2.856
2.830
3.253
2.840
2.867
3.105
2.717
2.596
2.239
1.825
1.744
2.484
1.873
1.896
1.516
1.577
1.781
1.827
1.789
1.944
5.839
5.579
5.966
6.058
5.851
5.544
6.220
5.552
5.259
5.328
5.415
5.514
5.198
5.119
5.234
5.728
5.825
6.100
5.134
6.690
5.420
5.042
5.102
5.091
5.415
5.613
5.282
6.156
5.265
6.416
5.548
7.296
5.174
5.196
5.536
2.995
3.571
2.892
3.009
3.906
3.842
2.951
4.837
3.263
2.847
4.195
2.829
3.366
3.245
3.347
2.993
2.746
3.457
2.721
2.962
3.151
3.344
2.963
3.601
3.614
2.981
3.532
2.925
3.757
3.067
2.754
2.881
4.644
2.868
3.365
9.151
3.580
3.097
3.197
3.037
3.013
3.344
2.589
2.973
2.682
1.564
1.496
1.531
1.747
1.821
1.430
1.426
1.765
3.080
3.085
3.137
3.179
3.249
3.101
3.119
2.808
3.007
2.957
3.193
2.678
2.750
2.733
2.638
2.800
2.937
2.868
3.170
2.701
2.860
2.849
2.840
2.647
2.613
2.928
2.873
3.021
2.589
3.071
2.961
3.281
3.181
3.201
3.568
3.076
2.923
3.274
3.896
5.173
3.916
5.412
4.266
4.059
4.264
3.916
4.197
3.873
4.393
3.875
4.188
4.128
5.016
3.896
4.082
4.638
4.155
4.413
3.935
4.508
3.788
4.145
4.263
4.990
4.041
4.438
3.909
3.888
3.952
4.934
4.048
4.798
4.023
4.094
4.284
4.099
4.314
3.876
3.018
2.696
2.828
2.938
2.985
2.615
2.845
2.844
2.928
3.073
2.669
2.863
2.757
2.742
2.861
3.100
2.601
2.980
3.682
2.622
3.163
3.135
4.321
4.627
4.382
4.528
4.420
4.802
3.978
4.184
3.790
3.805
4.221
3.793
3.734
4.167
3.821
3.866
4.175
4.435
4.143
4.246
4.018
1.867
1.763
1.605
1.475
1.790
1.864
1.959
1.464
1.527
1.454
1.586
1.467
1.836
1.381
1.701
1.811
1.934
1.568
1.833
1.982
1.808
2.188
1.670
1.815
1.865
1.664
2.580
2.772
1.510
1.645
1.806
2.382
1.708
1.810
1.583
1.764
1.786
1.714
1.836
1.900
1.915
1.520
1.804
1.851
1.757
1.882
1.895
4.661
4.246
4.658
4.280
4.231
3.922
4.032
4.213
3.953
4.157
4.575
4.845
4.250
4.666
3.987
4.031
4.372
4.142
4.087
4.357
4.543
4.325
4.517
3.859
4.436
4.575
4.084
4.202
4.193
3.916
4.510
3.885
1.515
1.577
1.850
1.900
1.498
1.531
1.884
1.854
1.892
1.566
7.251
6.789
6.838
7.100
6.897
6.931
6.770
8.092
6.702
6.911
6.449
6.961
7.622
6.414
7.003
6.920
7.187
6.796
7.541
6.578
6.557
7.385
8.682
6.319
6.995
6.629
7.569
7.165
6.598
6.562
7.340
6.412
6.560
6.667
7.710
7.342
6.636
5.374
5.328
4.250
3.913
4.308
3.921
4.402
3.956
4.299
5.283
4.022
3.964
4.221
5.015
5.416
4.368
3.949
4.132
4.760
4.002
4.293
4.680
4.740
3.886
4.229
4.464
4.563
4.311
3.880
4.281
5.019
4.081
4.357
3.946
4.236
3.966
4.211
4.009
4.266
4.661
5.248
4.000
4.050
4.358
1.677
1.463
1.414
1.410
1.643
1.572
1.802
1.900
1.923
2.032
1.630
1.747
1.867
1.821
1.474
1.783
1.908
2.703
2.022
1.889
1.939
1.880
1.890
1.941
1.898
1.571
1.849
1.943
1.684
1.765
1.700
1.923
1.894
1.878
1.938
1.925
1.896
1.931
1.875
2.021
2.422
1.918
1.924
1.885
1.844
1.821
1.602
3.081
3.175
3.282
3.159
3.254
3.212
2.859
2.962
2.967
3.187
2.949
3.058
3.095
3.219
3.166
2.826
2.980
2.996
2.680
2.728
2.769
3.048
3.359
3.271
3.246
3.050
3.129
3.203
3.226
3.178
4.033
2.692
2.791
2.921
3.022
3.655
2.760
2.864
2.923
2.963
2.866
3.203
3.142
2.739
3.141
3.049
2.893
3.077
3.116
3.836
4.201
4.164
4.511
4.006
4.107
4.309
4.622
4.004
4.194
4.552
4.490
4.022
1.727
1.423
1.600
1.558
1.577
1.574
1.479
1.649
1.735
1.764
1.430
1.877
1.865
1.885
1.526
1.840
1.933
1.827
1.933
1.916
1.951
1.897
1.893
1.500
1.787
1.924
1.896
1.895
1.919
2.400
2.740
1.553
1.655
1.921
1.914
6.380
5.536
5.942
6.141
5.393
6.417
5.469
6.269
5.578
5.982
5.807
5.555
5.670
5.304
6.481
6.582
5.778
6.375
5.697
5.561
5.535
5.398
5.938
5.307
5.514
5.361
5.475
5.809
5.501
5.025
5.372
5.744
5.461
5.718
6.528
5.220
5.464
6.043
5.704
5.571
6.728
3.076
3.250
2.935
3.018
3.238
2.836
2.816
3.050
3.114
3.160
2.713
2.909
3.196
2.700
2.955
3.105
2.878
3.089
3.500
2.935
3.198
3.380
2.889
2.995
7.591
7.043
6.861
7.389
6.680
8.342
6.735
7.136
8.104
6.846
6.809
7.840
6.667
7.148
7.033
7.910
4.067
5.212
4.098
4.448
4.528
4.114
4.558
4.433
3.904
4.401
4.285
5.246
4.220
4.259
4.009
4.206
4.616
4.157
4.252
4.537
4.216
4.830
5.025
4.438
4.530
4.681
4.621
4.295
4.269
4.325
4.608
4.219
4.944
4.264
4.714
4.349
4.227
4.307
4.479
4.654
4.073
4.290
4.266
4.654
3.181
3.065
3.308
2.727
2.997
3.356
2.890
3.202
3.412
3.270
3.284
5.652
3.089
3.279
3.121
2.909
3.255
3.437
4.119
2.995
3.296
3.326
3.404
2.730
3.013
3.276
3.572
2.923
3.219
3.053
4.052
3.215
3.050
2.765
3.026
2.704
2.956
3.210
2.716
3.007
3.679
2.989
3.293
2.841
3.177
2.971
3.997
3.039
3.454
2.934
3.237
3.067
3.162
4.066
2.952
3.202
2.871
3.193
3.202
3.067
3.228
2.940
3.307
2.940
3.260
3.732
2.769
2.928
2.890
3.198
2.731
3.296
2.787
2.878
3.233
2.657
2.900
3.024
2.710
3.107
3.662
3.002
2.886
2.793
3.200
3.272
2.945
3.326
3.092
3.977
2.917
2.986
2.978
3.096
4.249
2.811
3.125
2.760
3.048
2.806
3.228
2.875
3.123
2.716
2.808
3.013
2.845
3.188
2.937
3.176
3.322
3.560
3.274
2.925
2.932
3.230
2.785
3.047
2.780
3.622
2.992
1.426
1.716
1.418
1.770
2.687
1.561
1.914
1.822
1.491
1.896
1.549
2.441
1.863
1.654
1.824
1.838
2.066
1.566
1.874
7.594
7.115
6.900
7.818
7.713
7.048
6.804
7.135
7.120
6.982
6.973
6.916
7.626
6.982
6.785
7.023
4.602
4.264
5.091
4.351
4.250
4.176
4.022
4.698
4.285
4.120
5.275
4.557
4.773
4.278
4.677
4.297
4.334
5.250
4.207
5.036
4.699
4.456
4.648
4.563
4.640
4.284
4.152
4.573
4.881
4.546
4.393
5.416
1.462
1.786
1.754
1.886
1.513
1.665
1.441
1.486
1.744
1.752
1.921
1.986
2.526
2.218
1.903
1.937
1.419
1.895
1.913
1.991
2.342
1.875
1.635
1.877
1.539
1.906
2.028
1.810
1.828
1.982
2.076
1.848
1.982
1.887
1.616
1.924
1.615
1.820
1.587
1.673
1.960
9.935
8.897
8.400
8.633
8.447
8.131
8.167
8.421
8.525
8.461
8.242
3.251
3.315
4.235
3.383
3.311
2.979
3.191
2.855
3.338
3.220
4.057
3.341
3.325
3.159
3.284
2.835
3.013
2.856
2.915
3.384
2.902
3.126
3.911
3.250
2.967
3.251
5.384
4.038
4.714
4.563
4.506
4.221
4.198
4.652
4.432
4.147
4.528
4.296
5.017
4.558
4.866
5.145
4.654
4.333
4.660
4.682
4.750
4.550
4.911
4.565
4.944
5.367
4.477
4.729
4.470
4.583
4.548
4.782
4.253
4.237
4.330
5.470
2.890
3.173
2.892
2.826
3.134
4.229
4.192
2.977
3.322
4.503
3.325
3.171
3.466
3.558
3.046
4.262
3.195
2.993
3.163
3.060
3.097
2.831
3.105
3.260
3.179
3.262
2.894
3.138
3.448
3.044
3.375
3.328
3.158
3.385
3.425
3.268
3.385
3.061
7.226
3.624
3.825
3.639
3.638
3.920
3.764
3.720
4.866
3.869
5.038
4.109
5.027
4.706
4.166
3.621
3.658
3.930
3.600
3.794
4.760
4.656
3.746
3.619
4.057
3.841
4.074
3.707
4.094
4.049
3.926
3.728
4.999
3.592
3.588
2.223
2.349
1.971
2.254
2.278
2.040
2.302
1.947
2.155
3.012
2.155
2.370
2.111
2.291
2.030
2.248
2.324
2.908
2.187
2.337
2.193
2.328
1.898
2.288
2.194
2.086
2.181
2.388
1.941
2.151
2.299
1.958
2.262
2.247
2.284
2.369
2.325
2.256
2.153
2.291
2.251
2.192
10.711
12.172
11.274
11.494
10.742
10.682
10.491
10.518
10.347
10.529
11.635
11.487
11.703
11.083
10.883
11.979
11.693
10.821
10.844
11.656
11.228
11.538
11.502
13.218
12.587
12.401
13.245
12.841
14.482
13.997
9.483
9.408
9.092
8.948
9.655
9.381
9.244
9.068
8.963
10.319
10.073
9.020
9.131
9.184
10.172
10.106
9.228
10.511
9.349
10.071
10.176
10.241
9.416
9.285
10.053
9.899
9.206
9.260
8.997
9.425
5.433
7.126
6.177
5.676
5.616
6.096
5.643
6.739
5.763
6.948
5.467
5.996
5.716
5.656
5.497
6.648
5.932
5.568
6.825
5.743
5.551
6.144
6.000
5.752
6.936
5.634
6.619
6.040
5.757
5.747
5.741
5.784
5.723
5.676
3.806
4.801
4.458
4.211
4.163
3.878
3.802
4.197
4.060
3.918
3.927
4.082
4.266
4.240
3.905
4.039
3.872
4.887
4.365
4.946
4.817
4.961
4.867
4.174
4.111
4.196
3.931
4.368
3.767
2.396
2.114
2.474
7.773
7.559
7.894
7.699
7.936
7.582
7.551
7.617
8.279
7.261
7.408
7.353
8.108
8.038
8.082
7.043
7.304
6.906
7.409
7.589
8.055
8.035
7.426
7.014
7.525
7.265
7.298
7.359
3.670
4.292
3.860
3.925
3.928
4.617
4.073
3.937
3.978
3.827
4.357
4.656
4.131
4.948
4.068
4.122
3.915
3.874
3.822
4.102
4.114
4.072
3.838
4.248
3.990
3.905
4.299
4.129
3.815
3.807
2.355
2.303
2.271
1.916
2.326
2.988
2.964
2.094
2.080
1.987
2.356
1.952
2.465
2.543
2.318
2.021
3.100
2.369
2.109
1.939
2.359
2.724
2.039
2.083
3.101
2.303
2.125
1.878
2.273
2.101
2.167
2.029
2.414
1.975
6.343
5.845
5.662
5.731
5.551
1.940
1.858
2.174
1.915
2.379
2.566
2.344
2.287
2.159
2.468
2.444
2.288
1.981
2.378
2.139
2.311
2.208
2.381
2.710
2.190
2.048
2.394
2.141
2.014
2.858
2.306
3.037
2.320
2.348
2.202
17.708
17.694
17.354
17.342
15.977
16.576
16.601
16.791
16.849
16.832
17.361
16.609
18.157
17.066
16.107
16.586
16.391
16.074
16.746
17.057
16.672
17.029
13.612
12.757
13.619
13.068
13.418
13.554
13.274
12.625
12.756
13.125
13.452
13.833
12.605
12.960
13.516
12.900
12.539
12.688
13.318
13.013
13.158
13.206
12.623
11.069
11.010
10.031
10.085
10.624
10.191
9.101
8.835
9.961
10.114
9.311
9.069
9.510
10.519
9.608
10.305
9.094
9.594
9.471
9.867
10.190
9.498
9.320
9.381
9.179
13.792
13.549
13.815
11.844
12.131
11.439
11.578
11.717
11.174
11.079
11.140
11.026
11.229
11.724
11.299
11.953
11.534
12.136
11.763
12.114
12.211
10.934
11.165
11.229
10.836
11.011
11.810
12.048
12.451
7.659
7.760
8.403
7.442
7.746
8.400
7.425
8.477
8.002
7.666
7.596
7.526
8.752
7.604
7.633
7.467
7.647
7.549
8.720
8.341
7.819
7.868
7.760
8.500
8.631
7.542
8.524
8.116
8.192
8.539
3.989
5.106
4.344
4.373
4.153
5.058
4.162
4.910
4.904
3.706
4.097
4.344
4.799
4.318
4.059
4.015
4.011
4.361
4.261
4.051
3.912
4.001
4.320
3.906
4.875
3.896
5.269
3.876
4.994
4.157
4.922
3.993
4.855
2.552
2.040
2.399
2.514
2.387
2.034
2.971
2.348
59.033
59.311
60.070
60.600
59.456
59.506
59.530
58.821
60.731
55.942
55.691
55.321
56.651
55.386
56.661
57.178
55.335
54.930
55.500
56.769
56.498
53.628
55.048
54.316
54.692
54.669
54.563
54.503
53.534
53.844
53.487
54.074
53.585
50.257
50.031
50.934
51.069
50.293
50.601
51.228
50.899
51.167
50.534
49.937
51.178
47.452
46.549
47.567
46.876
46.243
46.931
47.094
47.204
46.756
47.115
46.416
46.978
46.347
44.853
44.401
44.267
45.728
45.418
44.803
45.069
44.160
45.537
44.214
44.803
45.233
45.706
45.753
41.479
41.328
41.695
42.182
40.594
41.727
40.933
41.224
41.813
41.962
40.700
41.038
40.660
40.674
37.852
37.575
38.207
37.838
37.891
37.893
36.918
38.169
38.153
37.593
37.355
37.515
38.066
37.973
7.715
7.794
5.946
6.089
6.249
6.128
5.968
6.764
7.351
7.155
7.097
5.974
5.831
5.945
6.077
6.166
6.307
6.178
6.100
5.895
5.928
6.275
6.772
6.100
6.835
6.186
6.274
6.287
6.347
6.075
5.866
6.117
2.303
2.098
2.513
2.620
2.410
2.336
2.164
2.650
2.351
2.529
2.263
2.108
2.522
2.207
2.526
2.427
2.016
2.513
3.811
2.445
2.476
2.351
2.344
2.412
2.475
2.402
3.276
2.463
2.301
2.563
2.565
2.214
2.613
14.104
14.609
13.014
14.047
13.120
13.980
13.620
13.523
13.656
14.245
14.130
14.308
14.104
13.400
14.585
14.004
13.723
13.996
13.749
13.657
13.951
13.446
13.566
12.412
11.759
11.967
11.402
12.043
11.117
11.245
12.236
11.287
11.790
12.458
12.613
1.972
3.044
2.398
2.244
2.431
2.485
2.279
2.434
2.814
2.913
2.332
21.256
18.191
18.296
17.166
18.205
18.160
17.552
17.542
18.377
17.894
17.123
17.850
18.619
17.727
18.096
16.079
15.581
16.392
17.268
16.762
16.452
16.545
15.536
15.820
15.254
15.776
16.052
16.291
16.356
18.701
15.370
16.029
16.270
16.097
11.897
11.384
12.121
12.001
12.342
12.152
11.549
11.639
11.531
11.611
12.530
12.477
11.639
11.808
11.583
12.474
11.670
12.331
12.094
12.853
12.333
12.721
12.320
8.976
8.208
7.832
7.859
7.867
7.849
7.727
9.039
8.669
8.444
10.237
7.824
7.965
8.236
8.464
8.704
7.715
8.514
7.775
7.757
8.215
9.073
8.333
9.362
8.932
6.342
6.051
6.916
6.244
6.576
6.297
6.262
34.951
34.484
33.339
33.292
34.387
33.643
32.746
32.995
33.538
33.760
33.744
33.496
30.437
29.180
30.224
29.274
30.169
29.918
31.211
30.479
29.159
29.775
29.816
28.663
29.603
30.149
29.754
29.936
29.749
29.719
26.077
26.705
26.145
25.982
25.651
26.190
26.480
25.668
26.111
26.242
25.615
24.691
25.905
25.835
25.622
25.907
25.593
26.190
25.465
23.795
23.191
22.790
23.747
24.501
24.157
23.919
23.924
24.607
24.705
24.621
23.805
23.713
24.271
24.303
27.301
23.361
24.182
19.990
20.178
19.847
19.281
20.480
20.466
20.138
20.023
19.450
19.372
20.285
20.254
20.575
20.617
20.404
19.941
19.962
20.135
21.319
20.406
19.767
16.145
16.658
16.819
16.160
16.125
16.884
16.413
19.569
16.805
16.651
16.851
16.395
24.247
24.278
24.582
23.673
23.734
24.985
21.872
22.675
22.165
21.971
22.708
22.727
22.217
22.510
22.264
22.276
23.006
22.639
22.694
23.533
22.323
22.558
22.728
21.978
22.097
18.454
18.909
18.892
18.327
18.515
19.416
19.082
18.604
17.769
17.949
17.841
18.151
18.472
18.069
18.754
18.859
18.871
19.356
17.888
18.726
16.419
16.265
16.937
16.910
16.684
16.750
16.549
17.134
16.673
16.317
16.616
16.356
17.032
16.309
17.303
16.940
16.913
16.064
16.355
16.765
16.073
12.856
12.867
13.216
12.264
11.991
13.123
13.123
13.170
12.391
12.135
12.876
13.026
12.201
13.150
12.199
12.164
12.938
11.835
12.101
11.778
12.464
13.051
12.113
8.220
8.582
9.067
8.434
9.174
9.078
8.244
8.090
8.637
9.090
8.911
6.921
6.095
6.649
7.337
7.485
7.323
6.216
6.097
6.181
6.184
6.548
6.548
6.777
6.448
6.184
6.710
4.216
5.557
4.697
4.613
4.470
4.456
4.421
5.506
5.587
5.616
4.660
4.301
6.030
4.698
4.901
5.276
4.380
4.415
4.576
4.461
4.736
5.575
4.683
4.333
6.214
13.551
12.743
12.133
12.563
12.110
12.683
12.106
13.040
13.118
13.064
13.455
12.159
12.237
12.948
12.553
12.481
13.050
11.862
12.535
12.782
11.966
12.854
12.547
8.719
8.034
8.768
8.634
7.942
9.300
8.022
8.647
9.163
9.370
8.455
8.054
8.485
9.116
8.429
8.109
8.177
8.275
8.118
7.861
8.898
8.904
8.409
9.134
8.320
8.872
7.248
6.021
7.000
6.900
6.548
6.193
6.275
6.186
7.163
6.902
12.455
13.490
13.351
13.111
11.972
12.978
12.222
12.328
14.164
13.087
12.877
12.158
12.807
13.118
8.243
8.401
9.622
9.330
8.297
9.708
8.684
8.281
8.437
9.095
8.676
8.836
8.309
8.195
8.352
8.349
9.315
8.969
9.163
9.102
8.153
8.336
8.581
9.042
8.119
6.945
6.406
6.997
6.564
7.179
6.543
7.268
6.266
7.679
6.212
6.166
7.252
7.041
6.524
6.994
6.146
6.255
6.372
6.360
6.317
6.693
7.484
6.421
7.229
7.366
7.497
2.782
2.567
2.555
2.561
2.358
2.576
2.640
2.638
2.596
2.510
2.438
2.419
3.469
2.414
2.226
2.587
2.582
2.446
3.121
2.702
2.572
2.558
2.405
2.718
2.631
3.155
2.638
2.442
2.298
2.621
7.010
6.515
7.571
6.455
6.420
11.003
11.823
10.610
10.275
10.942
10.768
10.290
10.268
10.874
10.602
10.962
10.909
11.116
10.453
10.162
11.443
10.476
11.118
10.469
8.423
9.316
8.174
8.526
9.381
8.532
8.428
8.123
8.347
8.851
8.383
9.506
8.364
9.259
8.764
9.615
9.586
8.859
9.131
8.330
8.592
8.363
8.168
8.873
4.215
4.331
4.545
4.507
5.405
4.419
5.499
4.786
4.790
4.674
4.811
4.708
4.681
5.361
5.644
4.680
4.946
4.519
5.396
5.022
4.478
4.738
20.406
19.219
19.192
20.230
19.543
18.877
19.286
19.416
19.326
19.188
19.765
19.378
19.215
19.676
18.669
19.450
18.207
18.804
17.706
16.583
17.457
17.205
16.994
16.847
16.940
17.324
17.130
16.839
17.000
17.345
17.773
17.348
16.740
16.541
16.753
4.296
4.407
4.414
20.055
19.059
19.336
19.723
19.679
19.533
19.883
19.955
19.915
19.354
19.578
19.518
19.997
19.008
19.171
18.618
19.659
19.830
19.324
19.575
14.722
15.590
15.465
15.147
14.578
14.925
15.362
15.408
15.052
15.066
15.694
15.434
14.647
15.219
15.790
15.573
15.385
15.318
14.799
15.305
14.974
13.681
13.487
13.747
12.917
13.189
13.592
14.615
13.516
12.786
12.998
12.580
12.914
14.677
13.345
13.661
12.892
13.311
12.858
12.854
12.850
12.969
8.970
8.684
9.115
9.529
9.168
9.341
9.487
9.479
9.312
9.005
8.440
8.682
9.480
8.498
8.547
8.600
9.246
8.932
8.557
8.806
9.173
8.610
8.596
8.483
9.721
7.821
7.888
7.430
7.809
6.893
7.278
6.729
6.705
7.081
6.428
6.782
7.389
7.028
6.778
6.925
7.655
6.466
6.776
6.735
6.702
7.028
7.010
7.665
7.772
7.996
7.593
7.020
2.518
2.238
2.228
2.222
2.259
2.717
3.327
2.354
3.536
2.697
2.652
2.927
3.304
2.498
2.424
3.345
3.237
2.426
3.201
2.503
2.615
2.470
2.380
2.639
2.553
2.642
2.674
2.472
2.462
2.284
5.618
5.536
5.740
5.348
5.034
4.732
4.932
5.923
5.338
4.708
5.609
5.410
4.792
4.717
4.917
4.683
4.996
4.733
4.826
4.824
4.995
4.983
4.963
4.899
5.199
2.718
2.694
2.576
2.569
2.758
2.372
2.565
2.403
2.662
2.784
2.777
2.726
3.014
2.467
2.458
2.661
2.669
2.536
3.267
2.564
2.583
2.975
2.556
2.431
2.709
2.377
2.559
4.790
31.331
30.688
30.137
29.856
30.897
30.508
30.367
30.498
30.405
30.644
31.165
31.009
30.645
30.053
30.225
26.919
26.039
27.081
26.402
26.985
25.886
26.862
25.389
25.567
26.431
25.962
25.973
26.848
26.361
25.776
26.216
26.353
23.699
24.734
24.153
24.126
24.239
24.621
24.599
24.445
23.961
23.785
24.027
24.798
23.937
23.319
23.707
24.285
24.331
24.556
19.427
19.393
20.546
20.416
19.896
20.195
20.765
20.081
19.503
19.827
20.615
19.695
20.258
19.393
19.550
20.204
20.520
19.968
18.568
17.295
17.950
17.930
17.249
17.720
17.354
17.777
17.708
18.881
18.241
17.498
17.137
17.306
17.049
17.726
18.003
18.018
18.272
17.579
13.788
13.227
13.079
13.712
13.805
13.861
14.021
13.600
14.266
13.817
13.750
13.029
